LegLength	ArmLength	ArmCirc
32.6	32.4	30.2
37.3	35.3	35
42.3	37	23.6
47.4	37.6	34
41.2	39	29.9
44	39.7	33.5
36.8	37	28.6
35.5	34.6	32.7
43	41	37.1
36.2	36.5	28.5
39	37	45.6
41.4	38.5	43.8
39.2	35.4	24.9
38.1	36.3	33.2
40	41	28.8
35.5	35.5	26.3
39	37.5	25.5
36.6	35.7	23.2
31	33.8	27.8
34.2	36.2	29
36.8	35.2	31
43	40.5	32.2
26.5	32	29.3
41.7	38.6	27.4
35.1	37.7	33
38	41	39.6
36.4	34.6	45.9
36.3	34.9	27.7
43.1	38.5	31.2
45	39.9	38.2
39.8	33.4	34
26.5	35	36.5
34.6	39.2	42.5
39.4	41	35.9
NaN	40.9	46.7
34.7	37	27.3
39	38.9	29.2
32	35.8	33.4
44	43.8	43.8
34	38	34.1
37.6	38	33.3
36	37.4	30
42.4	40	28.3
38.2	33.2	26.6
36.1	35.9	32.5
44.5	40.5	38.3
33	40	31.2
32.1	39.6	43.7
37	35	33.9
42	36.6	35
41	38.5	32.9
31.4	35	25.4
35.3	31.8	34.1
35.6	40	40.5
34.5	34.2	29.5
38.5	33.9	27
39.3	35.4	28
42.6	43	42.3
36.3	34	31
35.6	36	39
39.2	37.7	31.8
31.6	37.7	34.1
38.3	38.5	38
35.7	34.2	25.7
46.3	41	32.3
34.8	36	32.1
33.3	37	43.6
44.1	35	34
37	34.6	31.3
41.5	40.6	38.7
42	39	33.1
31.7	36	41.4
39.8	34.9	33
39.8	37.3	27
43.8	43.4	34.3
37.7	38	38.2
36.8	36.2	30.7
37.5	36.3	33.7
35.7	41.2	39.4
33.3	34	24.9
40.2	39	36.5
49.2	44.5	41
41.5	39.9	34.6
33	37	34.5
34.2	36.5	30.9
40	38	32.1
38.9	37	30.2
35.9	34.6	29
42	36	30.3
41.7	41.5	40.8
39.7	33.6	25
37	36.4	31.5
36.1	38	32.9
45	40.3	34.2
44.2	40.6	30
43.2	35.9	25.4
46.9	42.3	38.3
44.3	43.2	33.5
38	39.4	27.6
39.3	37.5	28
36.2	38.5	35.1
43	39.6	39.9
37.8	37	34.7
42	43	43.8
39.6	37.5	29.5
42.8	41.3	38.8
35.2	41.5	45.2
43.5	39.3	32
45.2	40	32.5
41.8	38.5	35
30	33.5	38
37.1	34	24.1
44	40.6	35.2
34	34	39.2
43.7	38.5	27.9
33.1	32	28.7
34.4	36.8	27.9
30.5	35	41.8
40.7	39.5	30.6
45.7	39.7	31.9
43.8	39	42.8
23.2	34.5	30.1
39	37.2	26.4
35	37.5	32.1
39.4	39.5	33.7
41.7	41.3	34.3
42.2	40.2	34.8
NaN	40.5	32
37	36.5	41.2
34.5	35.1	27.3
35.1	36.3	28.5
33.8	32.7	27.5
35.3	35.8	29.6
34.4	33	31.8
35	38.5	35.2
40.2	38.2	26.5
35.3	34.5	27
35.3	35.4	36.9
38.8	39.6	41.3
42.5	40.6	32.5
45.6	43.2	32.3
34.8	35.5	30.3
38.4	42.5	34.4
40.3	41	35.8
37.8	37	29.6
37.7	35.4	25.1
38.9	36.5	28.1
39.2	36	27.4
42.3	42	33.2
36.7	39.5	40.1
34.9	37.4	34.9
43.1	39.5	22.9
37.4	33.2	24.7
40.7	42.6	32.6
46.8	42.4	31.1
43.5	36.4	27.4
38.2	39.2	31
39.5	35	28.5
42.4	40	31.7
36.8	38	33
43.3	40.5	28.9
41.5	38.8	42.9
29.9	36.5	33.9
43.9	38.3	29.1
40.5	36	31.9
34	36.8	32.6
41.5	39.2	31.5
39.4	37.3	30.2
40.1	39	37.9
41.6	39.4	33.9
36.1	39	34.4
40.5	36.4	35
36	37	39
42.1	40.2	37.8
42.8	41	30.2
37	34	25.4
37.4	39	32.5
36.9	37	38
37.6	34	25
28.8	32.5	35.4
36.9	37.3	33.5
37.5	36.9	31.3
39	NaN	56
39.3	36.9	31.1
38.2	35.5	25.3
29.7	34	34
39	41.8	36.2
30.4	36	30.4
41.3	38.3	36.5
35.5	31.3	28.9
41.2	38.5	30
39	37	33.5
39.5	38.5	29.7
35	35.7	37.2
40.7	37	36.5
42.5	40.3	35.5
34.5	41.2	31.8
42.6	39.1	36.3
34.3	35.4	30.5
38.2	37.1	30.7
32.3	38.6	42.2
34	35	22.7
37.3	34.6	27.7
44.7	40.7	46.7
44	40.6	23.7
42.6	39	39.2
35.5	35.9	33.5
36.4	34	32.9
41.9	39	28.6
36	33.5	24.7
36.5	37.5	27.4
38.3	35.5	36.5
NaN	41	43.6
36.5	37.5	33.5
36.5	33.3	30.5
38.5	38	35.2
36.2	36.6	32.4
40.8	40.4	34
42.5	37.4	26.5
35	36	36.6
37.2	38.4	30.5
37.5	35.7	31
34.8	37	33.5
36.2	37	34.9
44.6	40.4	29.9
37.5	33.3	25.3
45.6	39	39.2
39	42	36.8
40	34	30
34.3	34	28.5
39.7	42.6	37.9
38	35	24.7
36.7	39.9	34.7
40	39	34.7
39.2	38.6	43.2
41.9	36.4	24.7
37.8	36	28.7
40.1	36	29.5
NaN	31	23.3
41.5	39.8	32.9
32.7	34.7	29.4
47.1	39	36.1
40	39.5	32.6
47.8	41.3	36.8
34.3	34.3	25.5
39	40	31.8
37.4	35.4	31.2
38.8	42	37.7
32.5	34.7	33.2
33.3	34	29
38	38	30.5
36.8	32.8	29.2
36.5	31.5	35.6
37.3	37.5	39
33.5	37.2	39.7
32.2	37.5	35
40.7	38.8	31.6
28.8	38.9	35.1
38.6	37	36.2
38.8	37.5	29.4
38.6	37.5	31.6
42.5	41.1	34.7
44.3	40	39.2
34.6	30	28.2
40	42.3	43.4
32.2	38.5	35.5
40.3	39.6	37.5
35.2	36.6	28.7
39.3	35.5	36.7
41.4	40	30.4
43	40.1	28.4
42.1	38.2	30.6
36.8	35	30.2
40.3	38	28.4
40.5	37	30.1
39.3	40.5	42.2
38.7	38.1	28
35.8	33.9	25.7
43	40	28
28.2	31	43.7
41.5	40	36
35.5	37.1	32.3
36.8	34	22.1
39.7	39	27.9
37	34.2	22.4
41	36.5	35.7
42.2	40.3	37.2
39	34.5	24
47.2	41.4	31.4
35	32	30.1
38.2	34.5	26.4
35.8	31.8	31.5
41.1	36.7	30.9
38.7	37.7	29.6
39.6	36	31.6
38.2	39	39
35.2	33.4	28.2
40.5	37.6	31.2
34.6	35.2	33.5
41.9	37.4	41.8
35.6	36	32.9
36	34.8	33.1
44	39.5	35.9
40.1	35.2	27.8
38.1	37.4	34.4
42.1	40	34.8
41.6	36	27.8
39.2	38	24.4
36.2	40.5	35.7
39	38	26.9
40.4	36.2	25
41.8	43	38.3
37.5	38.8	36.5
36.1	34	27.2
32.7	35.5	39.3
37.7	35.2	32.7
38	35.8	32.5
35	33.7	37.7
39.7	37.7	33.6
37.1	36.2	30.1
41	40.5	30.2
40.6	36.5	34.2
40.7	35.8	28
35.2	36	34.8
34.2	34.5	23.3
41.2	38.2	35
35.1	37.6	40.2
47	43.4	34.6
36	35	36.2
34	34.5	31
33.2	34	25
38.2	38	32.6
25.1	33.3	37.1
40.3	39.2	35.1
35.5	34	25.3
41.7	37.9	26
39.3	33.5	28.6
39.5	39	35.5
43.1	43.4	39.5
41.7	39.8	27.9
40	38.4	28.3
37.5	35.3	29.2
37.6	39.6	30.2
39.2	37.1	28
40.9	36.7	28.3
42.9	35.5	23.4
28.1	35.4	29.4
38.6	36	26.8
39.6	35.7	25.8
31.6	34.5	37
34.5	38	26.4
39.3	41.7	39.6
37.3	38	35.4
39	37	31.9
40	38.5	30.8
31	33.8	31.9
38.9	35.4	25.4
33.8	33	37.2
32.5	33	26.5
33.8	37.3	29.8
38.5	36.6	37.1
40.6	37.2	27.3
42.2	39.4	33.2
38.5	35.7	32.1
42.4	40.5	31.4
37	38	41.7
37	39	34.6
44.1	37.6	31.7
34.5	35.5	29.8
37.6	38.9	37.5
44.2	39	42.4
34.4	36.4	36.5
42.1	39.5	31.6
40	40.6	54
38	39.4	36.4
38.1	36.5	27.1
37.8	37.8	28
40.6	38	27.4
39	35.4	34.7
36	36	35.3
36.3	35.2	35.7
35.5	39.5	42.2
42	41.5	32.8
36.4	34	27.2
40.4	41	26.8
38.9	38.8	25.9
39.4	34	24.6
36.1	34.9	30.4
35	37	34.4
43	41.5	33.2
42.3	37	27.6
35.3	32	26.7
38	35.6	35
37.5	34.2	32.7
37	37.5	34.9
49.3	43	30.4
36.8	37	39.6
37.6	38.2	28.5
36.5	35.5	28.4
38	33.6	25
40.7	37.4	31.2
41.5	37	28.8
38.8	36	29.7
43.5	38	31.1
39.9	37.9	32.8
38.5	43	40.4
45	40	30.6
45.5	46.4	40.7
40	39	30.1
42.5	36.2	24
37.2	37.6	30.5
37.2	38	38
37.8	36.2	32.7
33.3	31.5	30.1
40.4	34.8	26.2
30.7	33.4	28.3
47	41	26.7
42.6	38.2	28.3
33.5	36.3	34.7
41.7	35.7	39.7
42.3	38.5	30.1
40	39.7	42.1
36.1	38.1	42.5
46.1	40.5	37.5
43	41.2	35.5
34.8	35	28.7
36.8	37.8	35
33.6	35.5	27.7
38.7	38.4	29.6
41.6	37.6	31
44.5	39	28.1
37.5	42	40.5
24.2	33.4	37.2
40.3	40.6	31.2
39	38.5	33.3
36.5	36.8	33
41.4	36.5	34.4
40.4	37	27.2
36.4	33.7	29.2
30	35.4	37.3
43.1	40.5	36.1
39.5	38.2	32.2
35.2	32.6	22.1
41.2	39	31
36.8	32.7	23.6
41.4	38.3	34.4
34	32	33
41.1	38.5	32.1
43.3	41	31
35.3	33.5	25.7
40.3	38	27
37	35.5	34
44.2	42.9	37.8
34.6	32.8	25.1
42.4	42.5	38.3
36.2	37	34.6
31.2	30.6	30.5
38.2	34.6	38.2
NaN	36.9	25.9
36.2	32.5	31.3
27.5	35	41.2
37.8	33.3	22.4
43.7	38.3	33
33	35	31.4
37.7	38	28.5
34.1	34.5	39.6
NaN	41	33
35.1	35.5	24.3
37	36	32.2
45.3	41.4	28.5
43.7	38.3	33.5
42.6	40.8	33.9
39.7	37	28.4
38	34.2	24.8
32.8	38.5	38
34.2	33.8	24.8
39	35	26
35.4	39.5	37.7
34.2	35.2	34.8
39.1	37.1	30.7
39.5	40	38.7
47.2	44	35.7
32.1	38.5	35.5
38.3	38.2	37.8
38.4	38.1	31.7
40	41	39.1
36.3	37.2	34.3
29.7	33.2	28.8
43.3	40.9	38.5
47.6	41.6	38
39.6	39.7	35.4
39.6	37.1	34.9
41	38	29.7
40.1	36	30.7
30	NaN	44.2
37.6	35.8	25.6
39.3	36	28.2
42.5	40.3	33
41.9	38.5	31.2
32.1	36.8	38
41.6	36	27
40.1	39.2	34.5
33.6	35.2	37.3
35.1	33.3	25.8
39.5	35.9	27.6
34.7	33	34.7
37.6	38.7	36.3
41.4	35.4	34.3
37.8	35.4	26.5
45.4	40.5	32.5
40	39	32.3
40.8	38.5	40.4
38.2	40	32
36.3	38.1	34.7
39.6	38.7	40.4
46.1	38.6	29.8
33.9	36.2	23.6
45	40.4	32.6
44.4	39	31.3
45	38.5	36.7
37.2	36.2	47.5
40.6	40.1	33.6
36.2	35.5	26.7
35.4	32.8	25.4
40.1	35.2	25
35.7	36.8	29.6
35	32.4	29.1
NaN	36.7	30.6
42.7	39.8	34.8
36	38	27.7
39.1	38	25.8
41.3	36	29
43.2	37.6	33.9
39.2	39.5	35.7
44.1	40.8	36.6
39	37.5	35.4
33.5	35.2	29.9
40.5	35.1	27.2
27.8	37.3	35
44.6	37	27.3
38.5	41.6	34.7
34	38.2	36
NaN	34	29.3
37.4	33.6	25.4
36.4	35	30.2
42.5	36	22
31	34.8	28.4
38.5	34	30.4
40.9	35	39.5
37	36.2	32
24	35.2	40.4
41.6	41.8	37.5
36.6	33.8	28.4
40.6	40.5	30.3
36.1	36.5	35.3
41.4	42.4	36.8
39.5	34.6	29.5
44	36.6	35
39.1	35	29.2
30.8	37	33.4
40	37.6	32.8
